7385
6423
2348
4761
7267
3881
3517
5175
6502
2615
5876
4268
6395
7678
9131
7923
6457
6763
4796
3260
4848
3834
4588
5533
7832
3323
8878
5397
4854
1703
2116
1179
6479
9270
2587
3376
8249
1095
498
1233
6731
5921
7017
4436
8972
6922
9842
5570
7213
9839
2516
7374
2305
1365
5236
4793
467
8407
4989
6198
5725
1991
3197
7702
6144
272
8453
6492
433
9016
9153
6520
7025
7360
7463
1906
2110
3034
6182
8669
5964
4995
5558
2553
4303
2540
7190
8767
5251
577
3366
288
8849
1520
1793
6165
352
4959
9282
3439
8672
5058
9246
9629
701
393
6630
3026
7007
1966
222
8081
6123
7236
6248
9570
1637
9048
6789
6917
767
4912
2504
9798
6022
4806
9880
8814
4606
7426
1687
2389
6019
4964
9344
2370
2874
206
2662
8262
6691
9307
4603
6430
6684
9415
4736
4374
244
6707
6196
9821
4440
3263
8229
734
5029
1141
6756
8488
6384
4571
2652
4240
6297
8776
4493
2053
8497
2813
2946
6807
589
517
1301
7957
5652
8592
5255
828
9171
5752
2079
600
3324
6846
6759
8121
7813
8967
614
3055
9999
7453
8704
8900
266
3997
1728
9891
6153
6054
1511
4822
2178
6051
3914
1209
6397
3690
5171
7569
5934
7918
7307
2075
3692
6273
8858
3063
6026
3699
8691
7692
6485
9198
3111
5545
5603
8700
5557
593
7552
7908
1587
6219
3164
3287
1927
1659
5909
6611
520
4804
2801
1187
8888
4492
4352
444
5031
3647
9693
2976
6181
5671
2513
2777
1543
2627
377
1921
3327
19
2929
9741
2496
3525
4559
9483
8099
5943
8146
6608
8436
5763
9713
2635
4719
8450
6773
78
4071
173
4732
2344
3972
5514
5053
709
1499
8322
3273
939
2822
1435
7218
197
1905
8178
7746
2812
3632
1530
5424
1060
6042
4408
9631
8851
2449
6055
7731
7968
8122
7537
8367
9813
4550
5359
6824
5320
7486
5230
2694
6050
6992
3711
6281
2998
7114
4024
2358
6923
4159
2747
8335
8864
6646
7143
5783
1099
3624
1656
6447
584
9145
4079
6482
8423
9021
6852
4365
3493
45
7713
4779
5139
9420
2905
416
8156
2661
5655
2483
7073
6849
3475
2985
4410
5119
2163
4308
4258
4077
9333
5497
5503
5893
5731
672
4441
2982
4291
9947
9220
1513
694
4884
6733
9164
561
192
2361
294
908
4695
6211
6700
712
7703
8223
9361
2728
2870
7795
2153
5396
3688
3098
2042
9440
6971
9658
9853
162
8981
9446
8026
5691
8992
9954
4464
2860
3071
3820
2912
7570
1457
7714
5292
7494
6260
8642
2952
3423
301
6554
4529
403
5027
6888
9766
8271
8656
138
575
203
5195
7621
93
7867
1517
231
5169
1302
7736
3718
4906
616
9044
1658
3097
6344
9633
743
180
1800
9702
4070
8476
9138
474
9243
9785
516
2422
2484
7547
4630
8250
8926
8470
918
3574
5121
6347
7110
2722
42
2507
1967
6354
5674
5454
8253
3484
5389
7404
6235
6366
9568
1832
5684
7320
2021
1070
3213
44
5679
5141
3764
3204
8467
9253
5025
7072
2634
2995
7660
7895
8560
2450
8033
8759
4901
7034
4279
2133
1848
1239
1305
1215
2875
3612
9349
4705
5200
7520
2138
9548
9975
6823
4217
1006
813
5383
4913
1954
5224
8264
216
8068
1661
8395
6680
3519
2978
5785
5912
6782
1364
9726
2674
5864
9133
3185
5506
3705
2390
4748
6203
7098
2573
5299
2408
495
8447
5965
9466
4953
6599
2909
2414
4659
5740
6517
3799
8582
8775
1431
1534
1455
3127
7942
2685
4130
6276
2091
6353
1808
6826
6820
4348
9251
9175
5247
8809
8610
8947
2745
3785
5578
7562
452
8786
2999
6172
9456
241
678
9831
5777
613
1508
3045
6777
9663
8444
9960
2925
8243
6436
8239
4039
1880
4710
5001
8163
372
6861
7471
2620
9491
3050
8385
1393
8843
9472
8074
7167
4396
6004
5372
4032
6282
4231
9117
6645
3653
4861
5234
1989
7012
7808
9617
4185
1313
8458
3205
4549
1607
8187
6712
3913
3606
7470
9012
2030
8657
8891
1331
7998
3916
1835
6484
3671
3958
6699
6001
7249
307
9735
6622
8218
257
4632
7654
9661
160
6106
3567
5127
7375
2505
9244
5430
6107
9332
8183
6378
9797
6980
6539
7991
4381
6476
1001
3583
3745
7102
1802
3159
9339
5914
6736
8375
4416
5848
4164
2525
3892
4034
9670
3039
4851
2502
6612
7224
2125
3059
4028
484
3252
9433
5468
8952
876
8994
2713
2441
425
6753
7533
979
7088
8045
4837
4211
6929
5102
7720
656
7929
1923
436
5250
1596
9313
9120
1303
1978
3369
8834
8333
9717
9338
3234
2121
1650
2460
7100
2309
5170
9814
6544
5348
9841
4383
1594
6328
6868
4087
1144
3622
5654
5177
8055
8415
3804
8818
9943
5349
3853
1712
3944
8203
3829
1036
752
6693
1902
8153
9079
5948
8291
5366
1867
8701
6890
2310
2456
2235
1882
1346
7899
2667
5613
529
6241
1014
1482
30
9438
7706
9659
9119
1884
2563
2904
704
6212
2727
6420
1764
6023
6283
7013
8948
6891
6085
3927
2559
2437
8217
2172
7985
1079
7872
856
4706
153
4350
3320
6304
1142
3158
1136
862
4208
7656
4552
3798
2293
6882
1487
2572
4575
2872
8067
3638
9647
299
2212
4970
2668
1029
6481
7353
7335
6648
3222
1971
7686
7839
903
5167
5352
6374
853
2029
236
7905
6696
6434
1376
2628
6537
6104
7642
963
7324
492
7710
5892
7525
6136
2993
318
252
8115
8050
5732
2760
1651
3267
7014
6363
8196
9900
6647
2340
808
1382
8537
5886
8909
2821
127
58
3453
82
4335
1503
2610
1222
8376
6389
2356
9712
7728
5527
2244
5548
9948
3021
9417
2123
1220
3568
8452
3415
8059
3200
2045
8069
946
4634
6495
9065
5361
388
8359
4768
3598
2941
2772
2318
3046
325
5024
4052
8824
7690
7138
5346
6310
500
9206
4751
3309
6948
9147
1107
8933
5337
4737
6853
2454
5066
9093
2489
2544
5408
3854
4254
1377
2136
3001
6147
9824
243
2936
7313
9625
7253
6041
3472
4397
1476
4143
9266
855
3509
6941
773
4023
3201
849
5505
2729
8875
9910
7797
8411
9656
5265
7170
7947
2428
6644
901
9426
868
9668
776
4123
9697
122
6237
515
1009
7095
1889
9624
4192
1251
879
5529
3980
3085
125
3947
6038
7365
4022
1868
4773
2543
7290
2641
3207
9592
9577
9554
1225
5563
3416
9996
537
6749
7123
3530
6606
8717
3905
4319
4339
8206
3110
1955
7620
1198
8086
6367
4611
6307
2882
9758
3585
3787
7804
1987
8766
5413
9809
4446
5271
3054
8607
4712
4248
5915
4262
4223
536
387
6557
3893
8485
8943
3655
9738
100
803
1318
5509
7956
6489
1195
6338
6199
8724
430
6532
3811
4395
3232
7097
5975
9856
7004
400
1406
8683
219
5924
7823
6745
7278
5331
7308
3564
6679
4838
6075
247
2899
8321
9104
3848
5428
1704
7548
3107
5581
6371
9068
5835
1392
4084
2565
2586
8645
7513
9227
7586
8757
6097
8020
4874
4905
6449
6850
2183
7524
4113
2834
8626
9770
7638
4429
8275
3100
7096
4256
1109
5311
1294
5559
5985
1859
354
9505
9177
3716
4716
2106
9542
2953
8547
7176
8950
6943
6221
4985
5546
842
3684
1247
2964
69
5403
6494
9335
3831
3502
2152
1205
2948
1424
3089
2087
873
735
9899
4643
7037
6605
7300
1169
3826
7106
59
5453
6589
6234
7888
3884
3389
965
4781
4426
9696
6805
746
3307
6313
2093
4179
2018
2139
6949
9057
7879
1924
9823
9467
2626
2732
4711
1502
2446
630
4511
5120
5607
3782
6184
4124
9086
8544
4729
8399
7377
4089
4196
3771
5896
5721
5966
41
3589
3067
3168
3962
4648
9028
3673
8871
6422
8600
5061
6444
5796
4385
7564
5035
4306
4116
9481
4142
1908
7273
8774
9493
5861
7371
2410
8720
7122
9357
6474
1250
7723
8104
6028
6218
4782
4432
96
5462
3072
7936
5232
5571
5235
3579
7609
6308
3425
9526
482
4587
480
3365
1000
8354
5540
7657
5262
9311
3557
8013
4572
8381
7174
2419
1758
3360
156
7862
1367
2643
558
1274
7729
5526
3973
601
7996
9901
7292
4030
5180
7256
5448
2328
2010
5420
4344
1448
8756
5220
7630
5326
3074
7312
1114
2831
5289
6579
7165
5333
3035
8165
9078
5791
4922
4232
6269
6045
1540
511
7246
5037
174
9606
1933
7372
4728
3437
8725
1420
376
3540
1449
5324
7051
6509
9732
4740
3341
7003
6108
7938
398
8188
8743
6837
5941
1740
6094
6162
9574
8829
5952
55
541
3497
1273
5421
1003
3843
8604
5583
4088
9974
2571
4568
9480
7031
2321
2299
7855
8912
3971
397
4247
7481
7429
4404
5218
6491
6002
470
7285
6288
4850
2
5113
1108
4093
9035
3487
7058
4834
1093
9229
9736
9025
2278
1631
4842
1328
4167
409
9502
6227
1801
2012
9403
337
4203
8690
2761
9724
6718
1757
7902
3429
3847
5204
2926
7605
1822
8120
6636
9964
5467
1037
2500
9620
4941
9026
706
6049
454
61
3065
7219
9751
2360
7987
9906
50
7355
7161
8559
6738
5155
5723
9864
5443
8907
8149
798
8391
8917
112
9972
2731
5380
3209
9933
6530
1314
9768
9757
7645
8340
2201
6405
5395
9529
4977
7159
2951
5392
604
9074
1521
928
1034
9059
4920
8956
6478
7493
7351
2631
8111
1240
8329
892
8647
3591
3720
9434
4745
6401
3414
5103
8388
8460
8781
2401
1228
978
8659
8304
950
7707
2104
4059
8543
4413
1149
3641
7943
5354
6014
1524
882
3578
1452
5211
32
3166
290
777
1189
1522
865
6952
5577
832
2996
4831
3660
8989
4160
8048
1781
3842
7934
8494
533
9321
5641
1861
9788
8949
3749
2192
2940
1353
344
4000
4839
1556
7488
2085
5404
7580
4777
2873
2083
3362
8709
7761
8261
2007
7458
8678
3879
1227
4609
1242
9722
9778
6848
8201
7647
2435
8904
8430
3596
6340
2094
6656
1193
7201
9920
9803
7852
8963
9185
1652
8357
8815
5938
7495
5190
5128
5466
5142
6209
5400
2710
6306
338
653
3593
581
1183
5149
3708
9326
5615
4444
6688
4893
4491
9733
2261
9200
1583
5831
6860
8853
1081
5083
9995
9951
2280
8601
6074
8089
3025
1200
5678
7133
2158
2632
1970
4753
9865
5384
4981
5353
5829
6341
8036
6432
5017
4260
5016
2145
3056
254
7343
2230
3790
5014
7367
2290
5531
1590
6764
8603
5930
7507
4263
9918
208
984
911
7787
3760
14
5624
4318
8005
3109
2630
5457
5423
6189
696
8058
4713
6460
1845
2604
1680
1828
5343
2397
4127
4275
6320
7169
2048
8925
1794
5568
2717
5418
4180
4682
929
4664
8831
7658
8914
8744
105
289
6059
4330
1062
985
8355
2285
5427
4502
7117
9792
1355
8922
5518
4533
2945
2900
6459
455
1834
2986
3131
3942
762
8944
6727
9850
5812
9834
7613
962
800
184
3238
5038
4785
7880
1310
3889
7370
8622
7764
3368
1606
1404
7422
9547
1792
54
7752
912
4354
1932
631
9096
2852
9085
8034
3420
9157
4044
3449
3806
7130
2973
5078
7796
7116
9745
5857
605
724
7590
5644
5754
6390
7363
8620
7835
8124
6928
4696
8361
4509
2890
1349
6179
9101
582
7341
8443
8016
2432
7357
1624
176
1316
1293
6280
3592
2369
6650
3865
317
3216
1516
6762
4292
5208
4226
8523
1592
76
4186
2862
3609
1664
6428
7760
3665
1536
2426
2955
5622
5683
2355
4145
7504
80
4927
3546
7214
1862
5445
5360
9178
9734
4788
6654
4021
6638
6359
3725
3835
6916
5432
4802
1164
7844
552
2841
6809
3283
5750
2531
4580
8473
9552
1456
3286
1548
9875
1199
7847
4840
9018
5536
3470
2533
6870
9984
5642
917
7329
2252
1158
3791
5041
9152
796
3305
4241
7780
3140
9024
9259
7387
9005
955
9895
1537
4616
3315
4849
3657
6933
4075
2848
6744
9611
4387
6213
3614
9905
9936
2199
1772
6114
1775
4096
2768
9208
6096
35
3304
6081
374
9826
5782
3220
5805
8140
4104
1394
293
7875
6448
2254
3512
2790
6265
6881
9644
5742
2478
2291
8633
3469
3580
527
3870
6697
997
1485
2448
3172
543
4577
9115
3931
4006
7845
7066
7758
1591
5455
2501
3873
38
9041
7594
2245
6226
9319
3643
6229
7392
7967
3587
4147
5296
9234
1679
6921
7306
576
8098
6118
4289
3732
37
8318
8772
6957
3556
5543
6462
8708
7935
3367
9961
2222
1710
2811
8791
860
2421
8412
8209
9652
4094
6723
6729
8158
73
7601
9780
8913
6178
6287
426
9929
6415
481
4514
9760
618
817
5476
359
982
3617
4830
4295
2583
7277
3018
1359
3999
2723
578
5071
5283
7489
8839
2651
7272
8387
6900
9194
2589
8095
7485
8442
720
3570
5385
2146
9341
826
4209
8334
6584
3619
9610
6161
3651
6525
6979
2427
2198
9822
8114
8856
4218
1833
642
5077
8893
5657
747
5592
8487
1976
3851
8860
8353
1118
4950
1299
2837
3871
4735
5648
5114
9258
7668
2807
6440
4125
4183
4930
6912
9987
7575
2325
8521
6690
889
9033
3385
1375
6877
341
526
1729
2974
4655
2364
4430
2908
6547
4898
7461
784
9450
5768
8611
5569
6653
640
2990
772
6791
5991
1724
9231
9299
220
944
5264
5305
9303
2229
560
313
5174
7910
1626
6122
7799
8179
9937
6101
3766
8646
4003
9805
36
5162
4547
5364
1732
5552
5272
846
1608
1277
3630
4448
1953
6597
6077
7203
4346
4952
8413
2081
6618
3929
4638
8006
9525
3719
6044
2793
4177
5129
9944
2301
5949
4545
2117
4962
355
9680
7757
3800
2209
9877
5899
4157
7220
8702
1947
1182
5182
4585
6025
9820
6781
569
238
3181
7730
7820
1804
7920
3864
3301
8688
287
550
7798
4474
1098
7865
4560
4602
688
8037
8054
9383
7457
1849
3401
6216
2349
9761
8238
1718
4720
1123
8408
8056
6814
5036
5259
271
2387
2663
2581
2707
7059
6758
5215
461
6895
8874
789
9135
4290
1616
491
5917
5547
9746
9763
175
7871
2001
4284
7439
5315
9428
9056
745
6382
1949
7270
8572
7241
1120
3388
6642
1762
7271
1161
514
1798
3832
6555
8063
6784
9371
8906
658
4466
5946
8197
651
5818
2939
7925
7211
3342
6461
2065
3483
4220
7018
3727
3373
8731
9794
20
2054
1332
7011
5614
83
5350
4325
2712
2681
3547
1547
137
2241
8360
8976
4477
6938
943
790
3116
700
927
5670
3313
1441
9250
5205
809
3836
4357
6776
6771
4621
4721
4622
9256
3696
6709
2402
4210
6972
5828
9682
961
6111
8135
9354
9873
4660
4516
1937
8419
8084
2578
7027
9129
648
7029
4438
9854
668
3479
5318
8338
1993
3007
9406
8883
336
1677
7299
2303
9869
339
1153
1027
8782
7556
9181
6194
960
1531
1320
7527
4276
3514
788
3080
8872
8175
4519
5549
9520
4040
8392
4349
16
4014
5751
8435
7044
6483
8092
2367
2059
4402
8928
9167
3379
9523
1753
7490
9047
5950
2612
5936
8126
509
5137
8882
9273
9263
7160
8362
8136
8065
2237
8071
8792
6582
5095
3601
932
1986
2678
9604
8247
3597
6862
5212
6685
5753
2462
4425
4543
9718
1054
4422
3778
2270
6119
4428
6061
9094
1778
2584
4647
5744
465
7401
4188
7067
7624
2468
2088
1137
7432
415
9849
9754
328
7954
8589
2736
7437
4685
6804
6649
2300
8549
4767
2034
3228
5040
3114
4799
4488
9325
1995
7179
2994
2190
1759
2805
7209
4166
7354
8997
2588
5677
4629
9695
7803
1628
280
5591
3058
5370
9516
2404
2824
1088
3240
9870
2189
6785
5582
7633
2765
10
4678
8773
5074
5412
7467
8257
1044
9260
6726
7243
5124
6694
1582
5059
5435
2377
1595
120
6841
3757
6982
9988
4309
7741
8414
2614
5872
2868
9991
7148
1750
2161
7303
5935
7955
9579
4469
7749
3282
5801
5498
6914
9727
1248
973
5187
1170
7091
6343
1298
1639
9274
5959
5822
1843
6676
3064
9828
4152
6722
212
9255
6672
9285
7750
9264
2740
2677
8627
3004
6471
7162
5535
2112
676
875
3086
5555
4283
6626
1203
8491
1813
1284
9817
5143
2469
4744
1403
2433
1354
6580
8401
8151
8403
2219
4316
6610
229
1010
5706
6076
3768
5068
1126
6236
3354
6562
2175
8652
5161
8638
4633
774
9511
7532
6455
7337
926
775
5833
7892
8732
2529
9810
7589
920
723
1666
6840
1461
9172
5193
7584
1645
1705
7172
9452
223
2755
5808
5879
5075
659
7599
8150
8189
8157
3616
2208
7674
2463
9938
5534
2754
3704
6056
5163
2918
4803
9546
7322
7542
8826
1894
9676
5758
1343
8245
2838
152
670
4234
5756
6039
1127
9482
4403
5159
6166
366
1462
9651
7693
6828
9921
1574
4890
7186
7669
7315
6616
1268
4326
8664
6271
9265
3595
7055
9429
2399
3060
8637
4388
6619
2748
7738
7284
9671
7641
8342
4148
7719
6721
4091
4073
8386
9391
6796
7118
5436
4652
3819
4109
5957
5450
1104
477
4053
8100
4229
5804
1854
8978
6549
9832
1751
4175
9790
406
8609
7784
4243
5319
1983
2508
194
4463
3465
483
2445
8596
9136
7506
7909
8996
6230
383
7105
8213
1678
3011
1387
2819
9363
6575
9596
6398
4112
8807
8070
3600
1576
213
6245
6506
329
8568
2470
8745
6246
1968
8579
7606
8945
2779
6629
3907
6783
2044
2395
1031
3121
732
5826
8064
8103
9116
5206
3812
9346
87
469
7891
1785
9890
6033
6909
9985
6524
9638
5802
9318
7688
5237
7551
9710
4668
699
3142
6080
3633
3675
4305
6505
5703
6669
6037
3028
9866
6224
8091
2260
4298
172
256
6566
7739
7827
8273
1134
7258
3774
9340
2881
824
619
427
5084
7950
748
5082
7874
3490
2640
5962
5196
5979
5126
3436
7882
1122
6545
5055
3381
2043
3814
3772
2066
4878
2100
7500
124
6811
7766
3969
4856
2657
563
991
3094
6425
5843
6346
2550
9169
8910
2486
1077
133
1630
7222
8410
1497
1839
4808
4337
6438
2420
9892
3840
5189
5072
6351
110
1853
4576
6129
2062
8643
9653
5507
4601
4556
8378
5766
4449
9027
6819
1495
816
1731
8116
2338
9744
1086
3398
8855
5859
9204
2725
7191
2386
3306
4151
6800
1873
1401
2471
8799
9533
9327
1915
1552
8614
7060
3043
5070
4085
5487
5092
9286
3993
6013
2650
4457
1245
8975
8043
6767
671
5882
9015
7237
39
7981
1005
3844
9793
102
1266
364
4505
6064
1881
8170
3171
8138
6973
8172
9715
6000
6867
3229
8770
3603
4557
5746
9389
1180
9829
3264
1550
3850
2148
5813
976
6927
5052
8512
1922
6180
4473
5087
6433
9004
1012
5748
4105
7868
3990
8608
1408
10000
1826
5724
4156
1092
6258
6734
437
7924
9295
7069
8905
3081
2721
386
9621
3410
9859
1460
3984
2272
4946
5635
4264
145
3332
9394
1901
2102
2431
3902
9223
6902
9039
1760
2943
6060
5969
5824
8605
8356
8890
7484
6689
9685
1600
2202
7952
5287
7331
418
7747
1625
3496
8324
2537
6466
2409
2141
8389
9639
4076
2894
2893
9942
6571
4198
8895
2413
6314
3620
5484
5458
91
3015
62
3445
2095
4345
983
1866
4607
5784
1436
5216
9156
5231
8722
1131
8422
9439
3115
7479
3911
6500
1440
7770
6127
7125
5958
5922
1056
6086
9431
7523
8268
691
48
7252
3838
5203
4846
9437
4586
4304
4280
4857
3033
713
3498
6873
5133
7336
3682
21
3057
2991
785
3491
8897
3438
6601
4498
3443
5098
2876
107
5135
6008
3259
389
9973
6220
1640
3936
5263
3175
3148
6661
345
8079
9230
5317
736
1719
81
5122
2746
3139
7824
2339
3173
9422
6160
8533
2827
998
2558
4524
7233
7419
245
8836
5980
1447
6407
9883
9503
7941
8662
1774
5661
4314
8644
2789
4923
8147
7215
3191
5398
9487
8352
5711
1857
2549
7756
4050
1477
923
7491
2366
8274
1871
296
7815
6069
7535
7618
2076
3433
9210
4131
2771
7423
3967
8047
3404
2802
3459
6498
2118
9390
6720
8492
4725
2679
6290
6512
1851
8966
4115
5081
3169
3667
3269
1021
3901
4067
9692
6388
8742
8066
6375
8805
5807
5688
5147
8235
1973
6747
3093
9071
9930
9002
9882
4035
4222
7240
4144
7223
490
780
432
8432
2264
3022
7131
6011
9541
8752
7817
1919
786
3965
9448
6409
3573
8169
8457
3078
8800
6910
5713
276
9876
1654
3712
2675
2509
9398
9743
4566
278
6956
9887
2770
3051
493
6291
6087
5510
217
7154
6797
1827
1635
6090
8894
5221
3031
413
5482
4169
2716
1632
9517
9201
7302
3467
7588
7319
2518
4114
2026
5023
4512
5806
8746
904
9108
4755
2850
5358
49
8374
6752
2552
7266
4129
6513
5131
4484
4979
1444
8908
7373
6998
6975
6843
4299
8529
171
2240
151
1204
3132
6602
7673
9011
1874
799
2269
4499
5675
4102
6454
2444
2312
5689
2800
8795
2169
2718
6016
4730
7425
357
2185
4037
8184
1676
2103
3956
7451
9049
8397
3559
6159
6831
647
8080
1689
8959
9518
1046
8119
451
7959
3224
6740
7188
92
5645
8825
9559
9309
9443
2580
8854
5298
6871
2415
3940
9534
7099
2465
68
4990
3407
7679
5207
4453
3900
972
9464
1568
9247
3188
1641
8650
7077
5197
2562
4342
1244
3405
2180
1643
2084
9789
4715
6138
4417
2665
1336
5887
7430
2658
1886
8174
9090
4205
5123
6816
3009
8379
7517
4817
298
5920
4899
4853
7433
1312
5627
1655
446
1665
2767
1501
2539
3334
8320
7655
2477
2165
3481
4068
693
1378
5560
8887
1207
2520
6035
4565
9597
7409
7873
8554
7455
3130
9563
3686
535
6548
3621
6889
2962
4235
8339
1706
4776
3296
5229
8536
9558
7858
7582
8344
858
6519
2167
8706
2930
2400
3652
1426
811
8468
8955
1797
4650
7675
9080
190
8496
8649
2294
5598
5422
8226
3029
3403
7901
7591
8004
385
2705
7035
3975
9140
7558
1057
1174
6200
8518
3392
1094
6368
5905
9477
5860
1348
1417
7242
3032
5371
7296
9998
690
2757
3024
8328
6406
823
3723
4312
9581
7421
2236
3709
7062
4653
7093
170
1529
9902
8583
7408
1621
9404
4584
9737
9571
6332
7217
1484
2688
6844
4792
315
8666
2479
8713
6112
2961
6903
8272
3743
5875
2546
4644
7036
1942
1688
1514
1557
5407
3412
1237
2522
4690
2320
3888
1236
1069
2308
6157
8317
9667
7643
2176
33
310
1130
3824
5039
1269
1230
2302
5521
2574
4631
8094
8629
3613
2664
6267
1226
3808
1928
8097
660
6546
7195
2080
3946
1944
8125
250
4018
1695
2156
379
6121
5719
3295
4372
5293
445
8424
2984
2963
2314
2903
5976
4845
6683
7107
3251
5441
3294
3297
6379
1434
9126
9506
9216
6706
7838
1232
419
9510
7247
6463
115
980
4605
3957
9352
2017
8303
2885
8139
6960
6238
9896
6829
5919
3331
625
3062
9509
25
5623
1386
2960
1129
5188
9494
8031
74
6377
5797
4746
3661
5233
8479
1390
749
3780
3658
7178
5707
7509
2637
4246
6595
7447
9968
1261
6675
9054
7843
5239
7889
1059
5640
2056
4351
2343
394
6591
4459
5463
7603
1035
2286
4818
6560
8131
9401
4642
3053
2255
859
8279
7622
5160
5021
6969
4293
6364
1747
420
897
7652
2786
2934
5154
6204
434
2975
8939
8660
2689
3569
9006
8363
4578
5452
2055
4281
2534
7379
4347
5437
9871
3236
750
7227
1771
6775
586
7778
300
1052
3462
5063
6665
4667
5368
3187
4359
4051
1765
380
8018
8641
3623
5477
8510
602
4236
6851
8425
9310
884
3607
3016
9292
4670
1139
3986
4891
6620
5213
2742
9062
2797
4497
3151
358
708
9353
2204
782
7327
9772
8587
4961
368
8400
3763
5904
8958
913
292
5889
178
5729
2551
1527
7937
2798
3102
47
6568
4074
9154
909
8973
9619
361
6931
1133
6515
7898
958
2060
8598
3052
2598
260
4598
7577
9747
3082
5769
6970
4984
2879
2700
1445
9669
4101
2205
9407
5687
8737
4483
4495
3784
7685
1176
5433
5138
2924
5770
739
3859
3451
6339
5906
2283
3428
8394
2194
4523
1981
6728
6516
1121
9362
7212
968
7554
7536
682
2316
4219
1450
5367
6604
9123
5491
6944
6132
5572
6214
3918
3375
7112
6275
7301
621
5631
2284
2907
1082
3550
4692
417
1598
7340
4503
8469
9796
934
259
4307
1396
5595
4420
7819
7600
7502
3852
7028
8039
9935
7790
4562
3133
3501
6959
1620
99
4333
4821
4224
6553
8673
512
1573
1201
7194
5932
1815
4255
8648
7639
8898
7180
761
733
442
7316
6686
9699
463
3890
3959
7356
766
4300
7775
6741
9573
9884
3471
1196
5834
5010
8754
6370
9013
7046
5836
941
1864
9687
9649
2703
8748
9473
5410
472
689
9232
9283
8784
2594
7945
429
7330
8437
8740
2499
8053
3761
9408
3372
2645
5485
9673
3751
1629
8134
486
595
7534
8060
3219
9235
6778
4937
1257
3736
9276
2697
5554
9836
1509
8979
3508
8221
7132
6677
3825
7311
9392
5281
8505
7109
1696
4025
7883
3953
3815
1339
7158
2920
8892
5708
7743
7979
9688
9442
6748
5662
7119
1972
2135
7492
7555
7689
40
1627
8584
3875
1809
5790
443
7625
9457
1380
7487
5132
2686
5877
9130
6976
9322
5837
5667
1930
2455
3250
5618
6542
7248
5793
9280
2248
4194
8240
9469
8668
6352
2794
2682
9802
65
26
4017
5963
6497
6942
6443
9707
3572
6770
6417
3244
5601
8076
2311
8316
5925
8331
4654
5809
8380
9630
9679
4897
9527
8228
7541
326
8564
7108
4862
3396
7846
6594
8128
2958
5020
6799
1451
695
5478
9690
4714
1660
4411
9532
7822
5519
5747
7083
9886
1015
1100
5130
351
7378
9064
6333
3023
4591
1184
15
6429
5047
2847
7456
2058
3377
1510
5336
1405
869
6558
3802
1787
7722
2195
6678
5106
6205
4939
6551
4197
5995
4355
4759
8256
7805
3701
9427
3
4940
2429
1235
6737
4951
8565
1296
1338
7557
4356
4875
6017
3615
5817
9287
598
9844
4046
7045
6556
1532
3730
988
6564
2969
6702
4015
5528
1686
4636
4709
3758
143
6071
9562
9233
4531
4540
8191
6703
8078
8810
1047
1345
8697
8681
9435
1662
6801
8566
8542
4069
5981
715
2979
7305
4617
6300
3138
2061
8590
5579
7462
412
4699
877
5248
8935
302
6043
9409
7754
1358
626
7040
5771
2981
7751
5006
1138
390
1325
4216
9847
5341
4814
9191
8062
2593
3952
8224
9382
5755
2119
3706
7885
3527
3030
2068
1112
9837
2750
2041
8176
6206
4253
3894
2817
2296
1175
2347
8472
1739
7023
8346
4005
6908
8868
5355
4146
4743
6345
3325
9555
1437
6009
2258
6919
5870
8384
5241
7022
3737
1952
7411
6202
1693
4328
8540
7716
6600
8812
9053
3092
3976
1691
959
2535
555
5254
592
7318
2077
309
6321
8504
3144
9643
2115
4092
4764
6614
8302
7317
1002
7999
5945
5153
8123
6510
154
7147
6289
9182
4974
1990
2249
6845
5270
6507
4098
9279
994
6152
2825
8161
3208
7001
3041
3695
3143
6792
7850
9289
7927
4935
3047
6813
7906
9635
4592
2648
9294
1714
6536
9926
572
3562
3608
6361
117
3765
8200
7163
2336
4867
7717
650
2737
5460
4004
9077
9946
9636
7539
1135
7907
4269
1163
8588
1113
1065
1911
5699
1580
2354
6504
6416
9030
7092
323
66
9364
2315
1395
6795
7694
8461
5866
945
129
2306
4583
4657
8876
7275
5469
95
6590
722
1593
23
1105
191
4170
1151
9885
6866
4227
7391
9931
7842
2987
3440
6442
9675
9578
3422
3974
5847
9485
8449
7585
2329
9614
1551
181
7279
8859
9748
4370
5625
7619
1505
7665
1877
2033
1842
391
7321
7913
9377
5145
7380
6053
8366
594
4462
1466
2919
4754
9539
9476
2430
975
728
2379
1124
3885
2051
8269
8185
7166
4686
9302
5043
7971
3776
4274
9100
4412
7199
8750
9553
540
8557
1087
1498
1422
5978
2639
4988
8483
7503
5228
5402
2466
5698
9379
9073
1419
7705
6257
2491
5881
9166
7332
3426
1579
1737
5118
5516
6163
9351
5573
644
3722
5820
921
4887
4775
5146
3899
1231
4681
1075
6232
8727
3539
5633
8350
6262
3266
1212
2764
7052
7631
11
829
1308
3160
7540
239
1726
7581
5310
8133
1675
8482
9224
7712
8214
2211
8654
9840
7442
3458
4187
3020
4338
2193
9202
5532
7753
2013
6827
7444
1820
6803
6385
5728
3996
1752
5593
487
1836
1860
3602
2388
6133
3103
2992
9221
8901
9730
2137
5599
9881
2702
7204
1581
3464
6609
9543
6671
7687
6563
5903
9254
4965
5381
4162
9168
833
6559
5788
9358
5362
7325
5033
3783
7834
3101
870
5745
4718
189
2353
7516
9962
7664
3679
3991
7032
9642
2503
4012
8025
5681
7435
628
1287
2977
1425
9893
1584
1439
6472
1852
2603
7740
2804
5276
4593
580
3335
2362
3878
4282
2564
9031
8336
3492
9601
6274
1432
6373
964
6945
8167
3504
3215
182
185
6326
7510
3728
3707
2273
6158
7104
2210
8885
1111
831
4595
9976
3281
8763
5669
5048
2078
2457
6396
8694
5556
7894
1681
1965
3511
8231
8118
5152
128
1091
522
5701
4727
1260
4136
6015
7612
9593
2842
4165
7629
2335
8319
85
5685
4049
113
5253
489
3715
7773
5511
8881
2376
2086
2690
9121
7727
5894
1563
5172
3364
6294
4983
5849
9978
5998
9868
3245
9888
2037
8527
3135
5288
779
5018
4427
1491
9240
989
9585
9950
7135
8088
6400
5369
7288
1766
9914
6468
727
4993
9739
7368
8846
1038
5973
4536
3794
2921
2774
2895
8862
6935
321
9495
7141
3668
8705
3506
2038
6066
2541
1319
1438
9369
7549
9436
3104
2242
1066
4972
5096
2753
999
6884
2069
2352
8777
9103
3863
8314
8802
7416
5489
3390
3345
2602
3555
5910
7033
4329
4353
5819
7829
3010
3949
7953
7400
2625
9607
7361
6984
7115
2492
9106
7653
2806
2752
7614
140
1032
6128
8938
8144
4433
4829
7050
2617
6292
226
1673
5561
227
7596
2217
3861
7399
1399
8931
7197
967
9430
6974
8101
8719
6587
6573
8292
7574
9445
304
1464
8484
8951
7413
9701
3108
9291
8202
497
3518
4062
7977
915
1566
7608
5199
7884
9654
8008
3659
8248
2226
5933
4551
8000
169
2238
1409
4378
2047
7700
9347
9010
6995
6486
6412
3634
827
4687
13
9236
6704
8797
322
6658
5656
2476
5278
5709
5676
4590
2495
8404
3845
6830
7948
7498
3120
938
9007
551
8490
652
2396
5185
864
9271
4199
3165
4137
1030
2485
6325
5608
4926
5496
4480
2599
7005
9816
2796
1480
1300
1
5005
8576
101
378
130
8051
6266
5825
5008
3915
6857
1373
2317
3353
8426
2186
3432
971
2954
9412
6760
2067
5927
8534
4880
7732
3710
590
1317
6142
4604
3076
3542
9582
7676
627
9170
815
4771
6240
1816
9288
8985
9095
8712
1553
8771
1119
7825
1865
7682
681
6021
7969
6063
7443
5741
3337
5225
2898
7636
5632
2799
935
1039
2160
5495
179
8289
3648
8168
6842
8382
8999
5553
3532
2542
922
3013
2845
4819
7395
5417
6856
8297
2739
8041
7812
764
8835
2005
588
3336
2510
6950
4608
8236
347
1140
7136
9572
2570
9843
4789
3932
350
9277
3822
9241
3318
4375
7711
1291
1893
235
568
2324
9447
4311
7802
4599
4527
6335
6272
9284
1700
7632
9783
4894
4200
3561
4651
1994
4637
8899
1885
7982
5284
6012
1110
8801
6311
9212
1492
7065
9192
3867
4140
7
8406
411
9986
3075
3397
5365
6920
5842
5475
1618
7323
6576
6376
5051
5855
9566
2967
4910
8755
7831
384
3311
4472
3726
286
9113
7579
7528
8509
622
7449
167
5399
812
2756
1847
9378
9142
2673
6140
8969
3198
9468
9122
7597
4841
1571
4525
6467
3258
362
8446
9791
5062
8190
3477
8244
6859
9179
7809
3119
4693
8548
3713
9711
4443
4582
1939
2011
6550
6109
7260
4182
1262
4
2151
5057
478
8083
6913
1613
3523
9218
2932
9040
6725
4934
4111
1977
1374
6839
9777
6322
7553
683
6898
2418
900
5576
9492
4470
9328
2197
8550
4738
6336
6772
4161
546
3448
2487
5411
8295
2233
9312
1103
7970
596
7286
2530
5198
9461
8699
5447
6099
9134
2467
8267
6893
7786
5715
7087
1155
8941
7515
1018
7992
5415
3818
3343
8141
3594
6567
8946
6934
9645
9184
2835
3452
6117
3793
1647
3091
1026
2575
3356
4083
225
5730
7886
8349
4948
778
9708
2111
1538
3754
2368
1985
6708
5821
7769
1769
3674
3290
635
1528
6197
3833
2957
9441
4960
3280
844
126
4377
624
7397
2434
4798
7939
7776
3681
9144
5335
3186
9380
847
9750
5034
7974
2846
4456
3663
2090
2949
6832
6667
3735
3156
9861
6222
9245
146
898
8309
9137
8597
8061
3963
9150
1812
8180
8739
531
9634
7205
7598
5898
4666
741
2004
9366
2039
698
5391
8030
9897
4613
3350
3849
2636
2547
5994
8
7519
8980
4760
4082
9097
8571
1263
9912
8551
8863
8299
3862
3903
645
4507
1368
3006
1472
881
17
8260
4645
7424
1486
4733
6228
6625
43
4624
9799
9858
401
2623
5900
8090
3868
103
2880
4099
9815
2560
2073
9594
7648
3636
5839
1974
297
7983
9162
1256
9146
3906
4244
3982
1454
2451
571
6503
312
615
8634
5067
4943
7144
1076
7226
2886
2108
3027
6302
2250
7142
214
3070
665
4266
3817
6207
9478
2888
9228
3964
981
4528
663
9753
9395
6660
1546
5778
5620
2231
1897
7777
8823
8113
9151
7826
5647
3184
6915
7238
9226
1682
5586
9460
3395
6603
8499
6124
6977
5795
7903
524
2751
5705
9907
8936
2453
1578
1817
3357
501
6581
4623
2384
3922
8558
1128
1080
5815
820
4521
9069
1402
5551
878
5565
131
1634
8409
573
5890
2134
674
9664
6585
2288
1831
324
6730
2214
3049
3193
6465
9470
365
1042
1504
916
8293
6208
2215
5865
3968
9275
3480
9124
5393
7680
3446
9019
1768
9009
7434
7933
9058
3877
7478
7543
9992
1063
1341
1400
5594
4496
5759
3271
3099
3268
4791
954
4373
9704
9683
3002
583
6381
9874
5840
2709
8254
75
3576
3537
9588
6538
8765
9977
7666
3649
8806
142
8210
633
5109
4963
6392
27
2472
2653
3698
7856
6834
8431
1202
6657
1789
9083
5474
7893
3830
4490
448
2274
947
7565
5157
6386
7505
1819
2864
5637
8619
2332
195
7431
3272
2372
8762
6631
7314
2844
8865
6989
6164
3249
7783
8735
9524
2096
1051
4363
8685
7718
6092
8194
9405
5086
1887
1840
5811
7567
5291
5891
1265
7086
2567
2411
5649
6410
7697
5939
1493
953
891
3279
7414
2577
3137
3590
9075
2438
3930
6863
4245
9691
3461
6452
8567
3678
7698
6812
770
7529
6496
3255
2762
7774
144
7587
6565
7566
251
9112
4976
2923
3370
9381
1116
4526
6024
2452
2861
1823
9898
6872
9087
5787
8923
1692
4520
8539
8277
1413
8365
9465
2983
8205
9807
3126
4380
1050
6981
1669
1089
5956
1048
4956
6130
7995
8519
5544
9544
6254
9418
6855
3157
8127
2519
1872
1748
134
1824
2246
5429
3387
4836
8884
4954
8145
3450
896
933
79
5773
9608
279
6068
6252
1496
9855
4189
7984
3176
8011
5416
3202
4915
9305
637
3770
5757
9800
6
7559
9640
9551
4465
4064
1791
2611
253
5451
3998
7545
3691
5472
4213
6446
7298
3566
5643
2159
4900
1601
6408
4360
3154
8624
8160
7082
1777
9471
9787
77
1324
3896
5982
5874
6838
9293
3747
7571
2405
3455
5672
6239
8325
5178
5878
5054
1784
4618
3803
8237
8983
8417
4546
6174
9637
6926
9662
7919
1572
1020
6627
106
9262
343
8433
9174
1357
230
8889
6854
8073
5242
8684
8639
3909
8306
6751
5638
8658
7904
6278
2216
7344
9716
8631
4042
6788
4259
8541
5150
7988
1288
4297
6742
4392
2497
1807
9356
1145
7870
6946
4949
7595
282
2287
5863
1290
7228
9252
215
7245
8968
8332
8270
439
4107
7333
7071
4455
8495
8038
4763
3563
4191
7781
1016
3382
3161
5867
29
7134
1191
2295
3951
1806
8760
1644
8902
2035
1083
6964
7841
9925
4439
6487
7863
6168
3987
4376
6514
1855
1073
3444
7293
9545
9894
3925
969
4991
7684
5722
2853
8734
4701
9804
1397
8577
4919
8617
2232
6134
2698
4888
7208
8764
818
4139
7794
677
1653
4932
6188
7986
7053
9681
1738
5351
9528
7047
1479
228
3744
9032
8109
2808
7833
7182
2024
1512
2276
5653
8040
9055
1790
4855
4723
2447
9416
7389
1975
4237
7793
887
7663
2412
7807
369
8434
4639
4758
9731
3827
3298
3731
2423
1470
9927
5499
3380
5301
6084
6674
7282
7980
8845
1814
5996
1474
274
7334
6473
4835
7280
4734
8027
1423
8921
8087
1895
7259
7900
7417
2738
9706
3430
7254
1011
3344
2928
9281
2313
1720
5628
9819
9238
6319
6329
7346
3500
9767
1415
1463
1646
9239
1366
518
8143
7383
7326
2591
485
9980
5486
1370
4173
6105
3421
8751
9329
4741
2532
7448
8010
9127
5285
6005
2298
3225
6552
1619
8107
4233
7056
7002
9940
1289
6793
4336
7745
4249
7821
7501
8730
7089
414
2282
4881
31
1883
9343
5792
2128
9769
3961
1699
8481
4310
8686
6145
5646
9521
8021
3235
7410
7811
4332
1292
5438
4801
4287
8498
2576
9070
449
5431
5596
5911
8313
6735
2323
7415
3194
1907
8794
7469
2113
632
8308
8514
2341
4918
8841
4873
661
2220
1796
9952
9300
5269
9591
8195
4787
5266
6113
5714
4812
905
5838
819
3541
7836
3945
8632
9969
6869
850
7041
9165
608
270
5210
4302
4865
6633
8698
6324
2218
9308
2613
7474
7127
924
7476
4579
5481
1786
8215
8915
768
9646
7103
7207
7309
8821
4765
2704
1938
5329
5803
2608
5280
8886
6192
22
6403
7042
3560
356
475
3316
135
111
553
1146
7800
9084
6953
4904
3167
3950
2101
8439
8593
8723
4569
8330
6088
2074
5961
4986
2271
4858
6739
4407
7076
1326
6865
6356
4784
9149
9479
468
6441
565
7398
4132
5201
119
8278
2375
4063
1780
3656
5852
9317
7450
8501
9421
3549
1957
2766
3096
5823
757
4966
1327
316
9575
5426
8785
3693
4176
3954
9475
9590
2122
7168
1925
7403
8768
4141
5065
5050
6978
5989
5246
1391
2385
871
2046
4563
7369
5955
825
3330
2759
5382
4731
1733
2023
1934
4238
7359
4118
4726
3223
9410
4852
3409
1106
8459
1194
5186
6073
5323
2585
5694
7428
9072
5000
4500
705
8837
2557
725
9003
6939
6065
925
8616
9749
8852
4272
5764
6879
1322
2699
2461
5111
2778
9261
7126
1697
404
1085
2130
7265
132
6464
4518
992
6286
9945
5344
2458
8283
2959
4097
612
729
8393
6901
9036
3226
3912
3237
7659
9463
9222
9655
7917
5345
6883
4635
1459
731
3662
5841
9186
6687
1166
2020
8848
6475
4158
4168
7009
4797
3846
2606
327
4390
5490
8692
8822
1599
6907
9388
7291
8009
3816
6082
3247
1959
7200
3402
3214
285
5470
9949
5634
334
1007
2213
3857
9375
6327
5002
4815
3837
7765
7075
9014
3289
703
5846
7164
5775
4596
234
1741
995
5140
804
1172
680
4658
3631
9444
6110
5616
839
8024
9872
6655
6666
9773
7376
3738
7145
2521
9139
7973
3777
9359
9160
8284
4968
1875
8676
5279
3977
8615
6421
2597
4909
1208
6169
3418
5165
6769
7129
8343
2006
2307
4138
3112
8747
1818
6774
98
5168
9957
547
3856
9627
6299
6263
428
5799
9795
224
942
888
3627
3466
9118
710
5988
3017
6151
6456
9993
5636
4980
1615
8769
7940
3482
2744
7155
2582
3823
4391
5101
9045
8511
72
3105
4415
8838
2279
4090
8790
1022
3898
7715
836
5512
9784
7854
8212
7926
1746
5056
7181
1307
4323
423
3000
1879
2997
3943
4288
7402
2506
7767
8052
9102
2490
8232
8300
3883
8164
2720
198
2785
64
6072
5373
1830
8618
5845
6100
5449
8667
9199
6583
1519
7915
4214
9414
697
566
5539
1281
3123
7578
2715
1033
9348
9242
1214
2735
2980
8986
7670
7255
3486
3124
2221
4809
4871
6355
993
5419
6993
3995
7175
8911
7508
2281
9500
2927
3666
5325
3702
5587
9700
7090
9689
8674
281
1043
7185
1722
1988
6268
6750
7020
6201
8373
1863
8573
607
2381
629
8820
4019
12
9342
8721
2902
9195
2913
9211
209
8017
1668
7438
6613
1150
5600
3256
6402
3003
5508
7406
7230
3068
1920
1473
6048
636
8974
9125
4574
1589
2672
9197
3917
759
46
7043
5100
5762
8035
8578
4628
599
4206
8575
3088
2914
4924
1694
4863
6250
2440
3797
6215
3983
7816
9587
5032
8057
5619
8830
769
8478
6293
3419
4816
3642
5868
7810
9189
5987
4431
6453
9376
9827
2815
164
2942
8586
5394
8418
8961
6713
7232
9584
5604
8738
5268
7791
2243
4110
5277
8416
4361
4827
2345
6058
6477
1945
200
7418
2031
7681
940
7818
3536
1259
7263
3468
5692
7477
974
7789
4885
5181
392
9535
7801
4171
1904
3284
8918
2683
7264
6833
6936
3338
5192
1143
9721
9632
1167
1795
2057
5525
6810
1958
7149
1586
8288
6724
9345
9155
7250
8716
2259
424
7482
4877
5542
4296
2459
97
7866
9879
2865
8599
3308
3545
6057
1078
3457
7602
8028
4544
5387
8463
5401
8477
8082
718
5091
570
2436
1384
8508
9499
7857
3611
8455
6210
5151
8003
3978
2633
1411
669
5524
8612
6715
587
2027
1776
8129
6673
4889
7962
3558
246
9714
1614
8369
8105
8962
740
2473
9029
6093
7394
5832
1837
837
3577
6007
1602
2743
3628
3531
3970
9314
9970
149
5004
3872
4688
4286
2092
9561
4414
3347
1588
3147
1996
8971
6451
1156
966
7366
3411
7806
2171
9613
3510
396
9519
2619
2782
821
2082
6173
4201
5580
248
9458
503
2734
4987
4154
56
6596
6393
4957
1838
331
2374
150
3520
7531
5609
7466
6961
3180
8990
4903
3985
5739
6350
721
3285
9752
510
2950
5605
7772
7650
1999
1500
3178
4868
3755
4128
4367
7483
2843
7744
2174
8429
7386
2887
5104
6493
7206
9648
7538
5026
5743
8077
8531
2019
841
8847
121
2256
8965
6187
335
554
3664
6150
4451
2935
5194
8693
3417
3129
7010
5290
1369
1617
2818
9851
9924
1162
5993
4334
1992
9038
8246
3948
7544
6030
7661
2569
9530
4936
7560
7550
8606
4916
1763
7683
1096
9557
52
9997
2337
8372
136
1685
2733
8920
450
5327
6125
8993
4382
7916
7171
1255
116
4612
1610
3689
8181
3179
4212
801
9600
7262
1648
4752
9248
1858
2911
9928
9983
7193
874
5885
4450
802
139
6932
7396
9917
5374
5712
2528
155
7152
9209
1878
4555
7465
7257
1351
1360
6078
5046
4320
273
9082
3292
9514
9501
3393
1157
207
4780
4843
5209
5105
6743
4369
295
1575
3012
7251
9386
8019
8012
3981
8290
2714
1715
3494
5045
7837
2334
5388
4504
6284
508
5030
2877
4876
4389
5342
3714
9618
4294
4058
8880
1788
4597
3257
5097
2596
3979
4832
4506
5926
7352
6499
6225
3928
9297
8023
8842
303
4379
1383
6988
5800
1979
9143
2515
1362
4250
7896
3352
1217
523
2179
9278
1841
2629
9051
2162
655
2910
7496
7522
3535
3333
1707
395
5134
2556
9923
8007
2680
1481
8466
3599
3326
9159
9105
2346
5515
5217
2692
4225
548
2181
3321
6358
1276
2406
8844
6244
6790
6991
3431
1755
771
5238
6317
5673
9694
545
9020
3571
494
4672
5530
2331
6185
7173
9550
4896
9719
1716
4202
686
9449
9801
9657
5738
7572
6414
6116
5307
9187
7887
9567
9846
3610
438
1177
8503
5760
5011
667
4625
8208
8998
3106
3669
8493
9453
6588
1690
242
6095
5589
2129
6615
2548
7526
7922
9538
3322
3447
7342
2590
333
8591
9540
4717
4324
8635
5338
5312
94
1544
6632
8440
9372
5916
9365
4770
2828
3262
1946
5156
7961
5089
9373
7405
9971
525
8102
3801
8788
4955
3650
5974
8827
6431
4689
408
8932
6309
3637
9037
2297
9337
6761
6062
7244
3424
1223
8096
3635
3278
3582
711
738
936
5275
8451
4341
4027
5772
7064
2944
3683
5883
4036
6640
9451
6798
6115
67
8929
6652
1241
9384
7085
3199
7930
5314
7295
8832
1611
6701
1701
8445
9088
5659
9043
5332
3442
3113
4398
5158
5088
1264
5716
3886
9066
7830
8242
5918
8454
471
2711
3277
4535
3694
6126
3328
6951
3680
5414
3044
1636
8517
1421
2866
6965
9109
1243
4614
9830
5727
1846
340
1526
6089
6897
8002
2149
1743
8524
7637
8285
1558
895
6885
6316
8861
9994
6954
6896
8580
3544
1234
9304
8556
7972
8991
8661
6930
7932
742
8796
8555
3302
9163
2795
7460
4627
9023
3703
883
9674
7568
255
6046
9556
1982
1727
834
2391
5971
549
8595
996
7393
6925
5682
3243
2143
5736
8219
3526
1286
311
9903
3697
3248
1329
5406
9034
5584
7381
1344
6419
4442
5947
5928
5786
2063
9219
4683
702
7192
1888
5079
3687
6821
4626
4230
5164
9908
9955
1040
5733
2481
3505
3855
2182
7897
7231
1335
6518
9507
3211
8703
2638
885
5357
2008
9474
6757
8538
753
269
1442
7709
4998
840
5304
7080
373
951
4931
574
5480
5590
5901
8780
3048
8866
6968
441
5630
6177
6277
7358
6639
6892
1935
9296
342
4251
3122
863
3293
6662
6034
6543
1467
1323
2780
7869
5602
8159
2947
957
3084
2319
5717
9336
4016
2097
7759
6029
9848
3646
6578
2854
6754
5871
1564
1068
9196
5013
3528
4794
5504
4641
8687
6994
8301
3513
2656
3753
7994
1525
610
8001
5340
7514
2322
9462
4475
1783
7364
3155
4239
6621
4134
5094
1416
8695
3310
8736
3934
6264
4541
2691
3941
1333
9916
4532
9089
1542
1956
8326
2840
8813
1745
814
9963
7701
9173
8110
4406
2527
8312
1271
872
9061
3748
4207
3117
7276
7294
2257
2168
3476
3488
1471
4174
4561
3358
1132
9017
5015
6858
168
1218
3233
835
9628
158
6592
9808
1074
89
7338
8819
2595
7445
8817
6641
5116
848
6808
5888
3141
2676
7914
9419
8072
5295
5012
6692
8465
2538
8942
8613
6836
2071
4419
1304
7420
4065
2327
5108
9759
5099
3434
2956
330
1829
810
3036
5588
5913
9782
9677
5093
617
1221
9811
2849
4029
530
5735
851
1160
2616
8982
4537
4078
1869
1916
2378
4553
3746
5658
5316
7345
4204
277
4825
504
8896
4045
7006
8014
7283
5256
919
7184
4864
1910
1708
4548
1702
3399
6301
664
2070
9128
9818
4917
9641
8282
1936
987
4054
8502
7788
8535
4795
7876
4807
476
2988
9860
9176
9833
1749
9919
3190
382
5019
161
8462
1398
9432
6918
8323
84
6155
5665
2787
1229
4925
2644
3391
6522
1711
3795
249
6470
7724
7101
7468
3095
7989
3210
5513
9350
453
8726
363
2025
4820
1297
6036
2155
7662
9161
4892
8545
1562
1311
3087
8714
7725
9513
1649
679
5446
2554
8758
4674
5749
9878
4810
5704
2416
2810
2350
4066
6480
4772
4358
3312
9413
797
5297
634
1903
9424
4971
9725
8117
4061
1337
6413
284
9586
2781
9764
1389
1053
2107
1206
7610
6904
5493
8225
7617
6170
5300
8427
787
193
5844
4301
6256
4478
4047
2851
4321
9605
3554
620
2884
5042
5789
673
9622
716
641
3134
4786
2769
7634
792
7349
8152
5308
5814
9360
488
3383
8840
4811
1672
2857
8569
5479
5564
5294
3348
7054
6040
1379
6052
8532
7268
7742
9603
6561
8869
6528
2654
8957
9001
521
7261
8798
2609
4790
2730
2147
4805
8562
9320
4656
1213
6593
6574
1371
539
1058
8513
5517
8682
3775
7235
9774
6521
7497
7921
9981
822
1490
7139
2618
662
1465
1754
5166
60
9941
9267
6098
187
4405
3910
2227
3227
6682
8154
332
1186
6962
2052
4684
7699
7511
3618
2859
3895
9203
4364
3880
5520
4703
7964
9932
2177
2342
4554
4384
211
684
9215
4285
3543
1609
5780
1427
2601
1246
6732
123
7828
5442
9298
2671
7473
3408
3521
7499
2184
8665
4661
407
3869
5243
894
2579
6802
3118
3206
7079
5660
9132
159
305
2568
7187
3218
5992
5080
3005
9290
717
756
6786
3499
6223
7860
1181
4967
791
9709
3288
8075
5983
9779
4567
1940
1013
9213
6424
3677
8402
1803
2649
3553
5273
3378
2526
8448
7189
1272
8233
71
7626
3254
5064
275
2144
9459
2424
506
1535
6279
4119
4122
3939
8636
4120
6020
8162
6191
9806
2971
6806
1805
8927
5726
7965
3349
2173
7081
4056
5984
1315
2050
505
4766
5347
5274
5191
585
2398
5765
8230
4452
1667
2891
2124
8216
6387
2561
1515
1407
6572
5434
3149
3275
2351
2592
9148
4707
2464
4911
3923
2494
4589
9046
5651
3495
8520
9107
1917
1799
1642
6010
4938
51
4515
5303
1188
4435
6070
9775
9686
4691
1506
3933
9845
8029
3340
9580
6911
4228
6586
1494
291
2234
6312
263
9237
1931
9411
3150
7140
9867
9922
1178
1071
7472
8870
4997
4150
3626
1216
8464
7748
5073
4252
9755
90
4673
2512
1980
9953
221
1285
1041
3270
6623
7840
6298
2647
2164
6637
3672
3752
2403
7475
8778
4859
7530
5500
8480
8707
3221
4538
7792
5501
7000
8420
3303
7024
8808
2906
9522
4694
2706
9490
9092
3750
8106
1388
3246
8715
6947
3805
2792
1742
9536
1896
5538
9060
6027
9765
8879
1539
2666
2896
3153
5378
2915
5444
4676
1926
1028
2206
2916
4513
4401
4278
8651
3992
6083
4009
1412
4331
6047
8276
867
4486
5363
1433
2622
8438
8390
2855
7721
8803
4646
5223
9257
2741
6766
8680
1569
6880
2239
3581
8421
4322
8383
4242
7877
805
5999
843
4178
1730
2394
5456
639
4958
7057
1698
1909
8903
1962
7202
9067
2624
2277
1844
4461
8199
2970
3515
4007
9583
9324
3575
8222
5942
9565
3586
6437
3779
9455
4057
9781
2166
1488
3904
9560
1960
6195
4973
4700
5585
8348
2776
3073
1900
2475
2833
8563
3858
8574
5720
3809
2693
1282
845
977
8377
6156
4982
4184
3773
4126
830
3196
4008
7604
7960
188
2933
6469
3038
5696
5267
4860
9355
2132
4663
9063
3810
6372
3860
7446
8934
3733
258
3786
675
7234
4043
5664
4080
5830
3588
2803
7019
2869
9723
6569
3926
8526
5330
5856
1523
6251
3174
6183
8930
861
7848
9207
1638
4704
4133
7695
3792
4394
1717
5907
4095
1061
7911
9180
990
7216
4002
6651
7978
8471
4038
8130
2140
3217
9599
4055
2788
4193
5090
8428
4619
5244
1892
4823
4215
2600
8625
232
758
9666
2357
9672
542
1603
4501
7768
8988
564
8015
2867
466
8358
5794
4001
8964
685
9425
5227
4907
893
4895
6154
8093
1725
8663
2669
5858
2917
9852
2758
4371
4041
6523
2536
4929
1275
4013
7763
1684
5902
1117
6365
2809
4468
8368
6598
5339
6253
6488
949
3077
148
8987
9650
2493
3473
9698
9982
6380
3739
8789
4671
1418
1321
899
4847
1876
7573
9616
2425
8710
754
9703
4362
4747
9934
5085
3374
3261
1850
5473
5076
6167
8530
3454
6768
5617
8623
4675
5972
5968
1356
1340
8186
7912
8234
6983
9008
1173
9098
7015
464
5245
1385
6391
6531
1270
5850
6529
9756
7480
7951
4155
4172
9052
7146
5125
5626
8873
320
6634
2262
4261
7691
9660
3729
9609
7156
4368
1168
3265
86
8628
2488
6018
5686
4313
6176
4434
7737
8315
6445
1899
4060
1950
4942
6526
6102
202
9825
6886
8022
567
1565
6985
5110
9979
8049
1254
5440
7427
6825
8112
7667
9612
6664
2098
8728
1381
4908
1811
9400
3339
7382
2816
7094
3317
3866
3700
986
6540
1147
7997
3066
4969
3037
2157
8718
6141
3361
2726
7153
8729
5610
9835
1984
9397
8266
210
2371
3645
1084
5405
5695
3762
1210
6233
8916
902
4399
6990
8192
1410
719
3040
8220
5069
4476
4424
4494
4669
7623
3841
2203
70
8793
4481
1125
6617
3014
7726
9549
5022
5115
1912
646
793
838
5
6435
7762
8148
8833
4994
3231
5680
7196
9965
1171
9367
2304
9911
7512
890
4010
5931
6815
8327
6270
906
2968
2511
3876
1559
7771
4257
4343
4467
726
7853
7464
5567
1372
4824
5944
4522
6541
7274
579
267
459
6318
4844
937
2719
9370
7440
6607
8341
866
2514
5718
5425
431
534
611
6643
2863
8286
7289
6996
9205
3524
3183
2965
3008
9569
7183
8689
1913
4573
5781
157
9838
5710
4742
5929
2856
3828
6695
9190
7350
3538
7061
371
1713
262
7646
4698
4756
1342
9141
7068
8241
6755
6369
6958
6261
3874
2224
3670
9623
1549
4882
360
3371
8132
5249
930
4783
6670
7546
370
163
8811
3740
2009
6131
9956
7384
421
6746
7644
8749
8345
8977
1770
9091
5136
7407
2660
3274
5148
1430
4271
1279
346
3522
3241
4460
1744
3756
4640
6787
2000
1280
1567
2003
2392
9385
2763
7008
7966
4221
4400
104
2938
4826
7931
7861
5550
4883
3605
6527
458
8310
6874
6458
6663
1561
910
5650
1238
7944
6779
3300
5537
5252
8137
479
2049
6450
7735
5183
24
6399
5597
5612
9589
4615
9110
4485
5761
348
3203
1870
5117
6331
6822
2099
8263
4662
1779
5471
268
5700
375
692
57
5977
9393
6031
204
609
1446
3384
141
8173
6305
6247
8506
5356
1102
1008
1671
4564
1475
4421
5375
3456
4944
4992
9387
4610
9812
8182
1190
1554
8761
3195
2442
6847
7128
1605
7151
9564
261
5611
2839
6490
1969
3319
1767
8142
3386
5951
5895
5523
2109
5702
5697
4418
6249
3351
4117
7993
3935
2196
1478
9515
1019
6362
3644
3516
2187
8259
8553
2266
3042
9665
2154
3565
2382
3079
2832
3937
7436
6360
5222
5003
4750
7649
473
9099
6987
7441
1891
1283
5668
405
948
914
730
1330
4708
2871
2646
8953
6067
5734
5261
9678
4081
2105
2253
9989
6426
4872
5923
218
3427
7975
9306
3769
5940
9496
1723
7521
165
1350
7958
4534
9368
6171
7412
9576
5562
8370
399
6323
2836
3882
5937
7928
4542
7733
7026
2191
8741
8970
7576
2330
9771
4813
1115
3676
3625
8570
7627
1090
2028
4447
8753
3781
3400
7074
1152
4996
9967
714
3533
6383
3394
3299
2120
8954
1211
7328
9334
4181
8653
9396
886
4510
9423
8546
9909
5257
2014
6508
737
7990
5176
2524
1623
6963
7063
931
2016
2326
1734
3724
3960
7120
7070
199
744
4649
707
8630
6032
1045
1545
2830
4724
6439
3742
5379
7583
1998
2823
2207
9595
7864
556
1363
3463
6714
7651
1306
4121
7177
9193
7084
7287
8522
6716
666
5798
2684
4677
63
4762
1670
657
3019
6418
3955
7452
5967
9959
2417
7672
2263
8960
3090
3441
9913
7157
1622
8655
4163
4886
2937
5502
5028
6394
4072
8211
2545
367
3921
9889
7677
3807
519
507
3988
6342
3276
9316
9374
114
9249
5827
6175
2393
857
1154
7078
6079
2380
8280
1943
4774
5869
9504
6966
3474
795
5970
2170
5986
4317
5240
5776
5663
2089
2498
4945
8984
4933
2359
532
7459
794
2708
9862
6876
1148
5465
4190
6143
9958
435
6899
9602
7198
1023
7881
3083
783
2749
1334
807
7635
4600
3061
9684
201
3170
5439
4048
8528
2200
9512
765
8877
1948
7390
5390
3346
4800
7946
3897
314
5461
2642
6137
9022
2791
8252
2724
4031
1249
4393
2443
2820
3813
3759
6330
9050
1612
8581
5179
4327
1469
591
8816
3460
1633
597
8405
4277
5044
5953
502
8561
2407
6146
1252
8281
1049
4570
3639
9904
6149
3146
528
2523
7849
1518
2289
2889
3734
687
4978
5897
1773
440
8294
6999
9990
7111
6533
8850
3654
9301
319
7696
4482
7814
237
1024
9225
3821
3478
9081
5851
1914
9268
5997
8298
8679
109
1964
1468
9915
460
6231
1458
9740
8364
3685
4870
1101
3189
7785
9486
8500
9498
5322
6765
6924
952
6628
1570
8779
6148
8867
1657
5386
8594
1258
8251
4620
1890
1756
3152
654
4869
6570
4437
5862
2333
2784
9705
2901
4739
4530
6818
8311
2267
4445
8937
544
8525
2826
8305
3920
8675
852
5816
7348
5464
8351
1185
4680
7890
3136
3908
9489
760
9454
2022
7039
9966
6303
8696
7137
7038
6006
7016
4489
4539
5483
8227
6242
4033
3182
6659
7859
1253
5219
8507
6190
53
2883
1810
353
5693
2126
1055
5258
751
1821
513
108
1064
4020
3629
1197
8475
4508
6296
1489
8166
6717
264
4267
4879
1782
1428
8258
8677
3230
3548
6315
3741
7310
1674
5639
4665
233
6887
9626
9857
2150
7225
6243
2829
3212
3363
6349
3604
457
1097
3552
9
8456
7347
1004
8042
7048
5666
781
308
3788
410
1483
8287
8441
5260
5488
1507
4558
177
4149
8032
6906
4011
559
2142
9863
5173
7030
9042
9330
3291
1721
1736
7269
5767
7615
2655
4722
5049
5774
5007
8155
9331
9158
8085
3529
6120
4769
1219
9537
3796
2439
7239
2064
6835
3640
5810
8640
2695
4581
7221
4315
7976
9214
8670
2228
6711
2265
880
5226
538
6681
9531
5566
7297
1267
5873
9000
8265
283
6186
2482
8347
5112
9315
6940
1347
6535
4697
3162
205
5522
1361
9111
3789
2275
854
147
3721
1709
7755
7150
3192
1533
7782
6357
6103
8995
5334
7304
907
1961
5060
649
6794
2015
166
196
2972
5286
1072
4757
956
8857
6698
7704
3717
5779
7593
8198
2892
2783
496
6411
8337
1577
7339
2251
3485
4833
5144
183
2188
2373
7021
4458
7779
7518
7616
5107
970
2131
8296
5621
5409
8787
1067
4270
8671
2383
8711
5629
9183
7878
1663
3069
2566
638
7611
5492
3128
2292
5009
9729
2474
9269
7592
5309
2775
9114
5884
306
2517
265
8204
3145
88
1278
2072
8489
5880
3919
2621
7388
2878
9776
6285
8474
5302
8044
7454
7229
2114
3767
349
9399
6348
3177
7607
447
2225
2858
7113
4975
5282
1825
557
4902
5960
5184
7561
4921
8046
6534
2002
1597
8515
7281
9742
9323
3359
8733
3534
7963
9786
5376
1918
1560
9217
755
8940
1295
4153
1309
9728
34
3891
6577
6295
4487
3966
8621
6511
6139
4135
3163
6937
2480
456
7734
643
9402
7563
2040
7049
4471
2922
4928
5737
5690
6894
8602
7851
5954
4866
5854
1997
6404
2687
8193
2897
7671
1541
5541
462
6817
4103
4454
3489
1761
8207
8177
5321
4594
8108
9484
381
3989
118
3406
6193
4409
2363
2365
1585
1929
9488
5853
4106
1898
5459
9076
806
2773
1555
562
6635
6875
4108
18
2036
9939
6905
2696
5377
6864
2555
7124
5306
2966
1352
3507
4386
8396
3551
2931
5313
5214
4947
3125
2607
4828
606
1429
4086
4479
4778
1856
4195
4702
2032
1165
6091
402
6427
3887
4679
3355
1963
7949
8486
8783
422
9508
240
9272
7121
6878
5575
1017
8924
2247
4340
1951
3584
8371
8516
6259
6986
6135
3329
7708
6217
3314
2127
499
4273
6624
8919
2659
6955
9762
1604
28
763
4366
603
6705
1683
7210
9188
9615
186
3503
1159
7362
6334
6780
8552
5494
4265
4026
1443
6255
8398
7640
5202
3938
4100
3239
7628
6668
6967
6719
2670
6337
1224
1025
5990
2223
8828
6997
1414
1735
6003
8171
4749
5328
4914
4517
3253
1941
3924
9598
2989
9497
6501
2268
3413
1453
9720
6710
2701
8804
2605
8585
5606
8307
623
1192
3994
3242
2814
4999
3435
5908
3839
8255
4423
5574

